x y depth yinc xinc strike dip rake slip Sample
96.3984 18.2829 2.1651 5 5 353 60 162 0.4334 2
96.4223 18.2857 6.4952 5 5 353 60 162 0.5648 2
96.4463 18.2884 10.8253 5 5 353 60 159 0.5843 2
96.4702 18.2911 15.1554 5 5 353 60 155 0.5719 2
96.4942 18.2939 19.4856 5 5 353 60 150 0.5759 2
96.5182 18.2966 23.8157 5 5 353 60 148 0.5963 2
96.5421 18.2993 28.1458 5 5 353 60 146 0.5688 2
96.5661 18.3020 32.4760 5 5 353 60 143 0.3875 2
96.3927 18.3276 2.1651 5 5 353 60 157 0.8917 2
96.4167 18.3303 6.4952 5 5 353 60 160 0.9397 2
96.4406 18.3331 10.8253 5 5 353 60 159 0.9097 2
96.4646 18.3358 15.1554 5 5 353 60 154 0.8904 2
96.4885 18.3385 19.4856 5 5 353 60 150 0.8960 2
96.5125 18.3412 23.8157 5 5 353 60 147 0.8908 2
96.5365 18.3440 28.1458 5 5 353 60 145 0.8101 2
96.5604 18.3467 32.4760 5 5 353 60 143 0.5310 2
96.3870 18.3722 2.1651 5 5 353 60 154 1.1011 2
96.4110 18.3750 6.4952 5 5 353 60 158 1.0906 2
96.4349 18.3777 10.8253 5 5 353 60 159 1.0412 2
96.4589 18.3804 15.1554 5 5 353 60 156 0.9928 2
96.4829 18.3832 19.4856 5 5 353 60 151 0.9681 2
96.5068 18.3859 23.8157 5 5 353 60 148 0.9216 2
96.5308 18.3886 28.1458 5 5 353 60 145 0.7937 2
96.5548 18.3913 32.4760 5 5 353 60 145 0.4931 2
96.3814 18.4169 2.1651 5 5 353 60 150 1.1493 2
96.4053 18.4196 6.4952 5 5 353 60 154 1.1114 2
96.4293 18.4223 10.8253 5 5 353 60 158 1.0526 2
96.4532 18.4251 15.1554 5 5 353 60 157 0.9790 2
96.4772 18.4278 19.4856 5 5 353 60 152 0.9226 2
96.5012 18.4305 23.8157 5 5 353 60 148 0.8470 2
96.5251 18.4332 28.1458 5 5 353 60 145 0.7041 2
96.5491 18.4360 32.4760 5 5 353 60 144 0.4274 2
96.3757 18.4615 2.1651 5 5 353 60 146 1.1795 2
96.3996 18.4643 6.4952 5 5 353 60 149 1.1380 2
96.4236 18.4670 10.8253 5 5 353 60 153 1.0604 2
96.4476 18.4697 15.1554 5 5 353 60 154 0.9517 2
96.4715 18.4724 19.4856 5 5 353 60 151 0.8729 2
96.4955 18.4752 23.8157 5 5 353 60 147 0.7975 2
96.5194 18.4779 28.1458 5 5 353 60 143 0.6610 2
96.5434 18.4806 32.4760 5 5 353 60 141 0.3967 2
96.3700 18.5062 2.1651 5 5 353 60 144 1.2401 2
96.3940 18.5089 6.4952 5 5 353 60 145 1.1992 2
96.4179 18.5116 10.8253 5 5 353 60 147 1.1082 2
96.4419 18.5144 15.1554 5 5 353 60 149 0.9834 2
96.4658 18.5171 19.4856 5 5 353 60 148 0.9028 2
96.4898 18.5198 23.8157 5 5 353 60 146 0.8331 2
96.5138 18.5225 28.1458 5 5 353 60 143 0.6912 2
96.5377 18.5252 32.4760 5 5 353 60 143 0.4065 2
96.3643 18.5508 2.1651 5 5 353 60 143 1.2935 2
96.3883 18.5535 6.4952 5 5 353 60 143 1.2576 2
96.4122 18.5563 10.8253 5 5 353 60 143 1.1647 2
96.4362 18.5590 15.1554 5 5 353 60 146 1.0518 2
96.4602 18.5617 19.4856 5 5 353 60 147 0.9706 2
96.4841 18.5645 23.8157 5 5 353 60 147 0.8919 2
96.5081 18.5672 28.1458 5 5 353 60 145 0.7310 2
96.5320 18.5699 32.4760 5 5 353 60 146 0.4283 2
96.3586 18.5954 2.1651 5 5 353 60 141 1.3499 2
96.3826 18.5982 6.4952 5 5 353 60 141 1.3104 2
96.4066 18.6009 10.8253 5 5 353 60 142 1.2204 2
96.4305 18.6036 15.1554 5 5 353 60 143 1.1149 2
96.4545 18.6064 19.4856 5 5 353 60 145 1.0166 2
96.4784 18.6091 23.8157 5 5 353 60 145 0.9262 2
96.5024 18.6118 28.1458 5 5 353 60 145 0.7578 2
96.5264 18.6145 32.4760 5 5 353 60 147 0.4525 2
96.3530 18.6401 2.1651 5 5 353 60 141 1.4197 2
96.3769 18.6428 6.4952 5 5 353 60 142 1.3727 2
96.4009 18.6456 10.8253 5 5 353 60 142 1.2754 2
96.4248 18.6483 15.1554 5 5 353 60 143 1.1644 2
96.4488 18.6510 19.4856 5 5 353 60 145 1.0464 2
96.4728 18.6537 23.8157 5 5 353 60 146 0.9448 2
96.4967 18.6565 28.1458 5 5 353 60 147 0.7765 2
96.5207 18.6592 32.4760 5 5 353 60 151 0.4724 2
96.3473 18.6847 2.1651 5 5 353 60 142 1.5247 2
96.3712 18.6875 6.4952 5 5 353 60 143 1.4698 2
96.3952 18.6902 10.8253 5 5 353 60 143 1.3459 2
96.4191 18.6929 15.1554 5 5 353 60 144 1.1971 2
96.4431 18.6957 19.4856 5 5 353 60 146 1.0503 2
96.4671 18.6984 23.8157 5 5 353 60 148 0.9333 2
96.4910 18.7011 28.1458 5 5 353 60 151 0.7631 2
96.5150 18.7038 32.4760 5 5 353 60 155 0.4693 2
96.3416 18.7294 2.1651 5 5 353 60 141 1.6374 2
96.3655 18.7321 6.4952 5 5 353 60 142 1.5720 2
96.3895 18.7348 10.8253 5 5 353 60 143 1.4000 2
96.4135 18.7376 15.1554 5 5 353 60 144 1.2058 2
96.4374 18.7403 19.4856 5 5 353 60 147 1.0363 2
96.4614 18.7430 23.8157 5 5 353 60 149 0.9118 2
96.4853 18.7457 28.1458 5 5 353 60 153 0.7483 2
96.5093 18.7485 32.4760 5 5 353 60 157 0.4630 2
96.3359 18.7740 2.1651 5 5 353 60 140 1.7011 2
96.3598 18.7768 6.4952 5 5 353 60 141 1.6204 2
96.3838 18.7795 10.8253 5 5 353 60 142 1.4182 2
96.4078 18.7822 15.1554 5 5 353 60 144 1.1902 2
96.4317 18.7849 19.4856 5 5 353 60 147 1.0146 2
96.4557 18.7877 23.8157 5 5 353 60 149 0.8979 2
96.4796 18.7904 28.1458 5 5 353 60 153 0.7481 2
96.5036 18.7931 32.4760 5 5 353 60 158 0.4597 2
96.3302 18.8187 2.1651 5 5 353 60 139 1.7226 2
96.3541 18.8214 6.4952 5 5 353 60 140 1.6298 2
96.3781 18.8241 10.8253 5 5 353 60 141 1.4061 2
96.4021 18.8269 15.1554 5 5 353 60 142 1.1594 2
96.4260 18.8296 19.4856 5 5 353 60 145 0.9928 2
96.4500 18.8323 23.8157 5 5 353 60 149 0.8950 2
96.4739 18.8350 28.1458 5 5 353 60 153 0.7539 2
96.4979 18.8377 32.4760 5 5 353 60 157 0.4661 2
96.3245 18.8633 2.1651 5 5 353 60 140 1.6982 2
96.3484 18.8660 6.4952 5 5 353 60 140 1.5913 2
96.3724 18.8688 10.8253 5 5 353 60 141 1.3563 2
96.3964 18.8715 15.1554 5 5 353 60 141 1.1218 2
96.4203 18.8742 19.4856 5 5 353 60 144 0.9778 2
96.4443 18.8769 23.8157 5 5 353 60 148 0.8912 2
96.4682 18.8797 28.1458 5 5 353 60 152 0.7533 2
96.4922 18.8824 32.4760 5 5 353 60 157 0.4673 2
96.3188 18.9079 2.1651 5 5 353 60 139 1.6365 2
96.3427 18.9107 6.4952 5 5 353 60 139 1.5194 2
96.3667 18.9134 10.8253 5 5 353 60 141 1.2922 2
96.3907 18.9161 15.1554 5 5 353 60 142 1.0853 2
96.4146 18.9189 19.4856 5 5 353 60 145 0.9686 2
96.4386 18.9216 23.8157 5 5 353 60 148 0.8869 2
96.4625 18.9243 28.1458 5 5 353 60 152 0.7520 2
96.4865 18.9270 32.4760 5 5 353 60 157 0.4714 2
96.3131 18.9526 2.1651 5 5 353 60 140 1.5601 2
96.3370 18.9553 6.4952 5 5 353 60 141 1.4369 2
96.3610 18.9580 10.8253 5 5 353 60 144 1.2243 2
96.3850 18.9608 15.1554 5 5 353 60 146 1.0374 2
96.4089 18.9635 19.4856 5 5 353 60 148 0.9288 2
96.4329 18.9662 23.8157 5 5 353 60 150 0.8460 2
96.4568 18.9689 28.1458 5 5 353 60 153 0.7219 2
96.4808 18.9717 32.4760 5 5 353 60 158 0.4621 2
96.3074 18.9972 2.1651 5 5 353 60 141 1.4808 2
96.3313 19.0000 6.4952 5 5 353 60 144 1.3592 2
96.3553 19.0027 10.8253 5 5 353 60 150 1.1547 2
96.3792 19.0054 15.1554 5 5 353 60 152 0.9747 2
96.4032 19.0081 19.4856 5 5 353 60 150 0.8630 2
96.4272 19.0109 23.8157 5 5 353 60 150 0.7827 2
96.4511 19.0136 28.1458 5 5 353 60 153 0.6716 2
96.4751 19.0163 32.4760 5 5 353 60 157 0.4322 2
96.3017 19.0419 2.1651 5 5 353 60 141 1.4298 2
96.3256 19.0446 6.4952 5 5 353 60 145 1.2993 2
96.3496 19.0473 10.8253 5 5 353 60 153 1.0949 2
96.3735 19.0501 15.1554 5 5 353 60 156 0.9150 2
96.3975 19.0528 19.4856 5 5 353 60 153 0.8010 2
96.4214 19.0555 23.8157 5 5 353 60 149 0.7234 2
96.4454 19.0582 28.1458 5 5 353 60 149 0.6164 2
96.4694 19.0609 32.4760 5 5 353 60 153 0.3899 2
96.2959 19.0865 2.1651 5 5 353 60 144 1.4279 2
96.3199 19.0892 6.4952 5 5 353 60 146 1.2922 2
96.3439 19.0920 10.8253 5 5 353 60 153 1.0726 2
96.3678 19.0947 15.1554 5 5 353 60 157 0.8837 2
96.3918 19.0974 19.4856 5 5 353 60 154 0.7625 2
96.4157 19.1001 23.8157 5 5 353 60 148 0.6903 2
96.4397 19.1029 28.1458 5 5 353 60 147 0.5903 2
96.4637 19.1056 32.4760 5 5 353 60 150 0.3706 2
96.2902 19.1311 2.1651 5 5 353 60 150 1.4654 2
96.3142 19.1339 6.4952 5 5 353 60 150 1.3344 2
96.3381 19.1366 10.8253 5 5 353 60 154 1.1019 2
96.3621 19.1393 15.1554 5 5 353 60 157 0.8962 2
96.3861 19.1421 19.4856 5 5 353 60 155 0.7608 2
96.4100 19.1448 23.8157 5 5 353 60 149 0.6884 2
96.4340 19.1475 28.1458 5 5 353 60 146 0.6003 2
96.4579 19.1502 32.4760 5 5 353 60 148 0.3812 2
96.2845 19.1758 2.1651 5 5 353 60 159 1.5217 2
96.3085 19.1785 6.4952 5 5 353 60 159 1.3953 2
96.3324 19.1813 10.8253 5 5 353 60 160 1.1690 2
96.3564 19.1840 15.1554 5 5 353 60 161 0.9513 2
96.3803 19.1867 19.4856 5 5 353 60 158 0.7988 2
96.4043 19.1894 23.8157 5 5 353 60 152 0.7129 2
96.4283 19.1921 28.1458 5 5 353 60 148 0.6218 2
96.4522 19.1949 32.4760 5 5 353 60 147 0.3981 2
96.2788 19.2204 2.1651 5 5 353 60 168 1.5630 2
96.3027 19.2232 6.4952 5 5 353 60 168 1.4481 2
96.3267 19.2259 10.8253 5 5 353 60 168 1.2389 2
96.3506 19.2286 15.1554 5 5 353 60 167 1.0206 2
96.3746 19.2313 19.4856 5 5 353 60 164 0.8499 2
96.3986 19.2341 23.8157 5 5 353 60 159 0.7425 2
96.4225 19.2368 28.1458 5 5 353 60 154 0.6312 2
96.4465 19.2395 32.4760 5 5 353 60 153 0.3985 2
96.2731 19.2651 2.1651 5 5 353 60 174 1.5564 2
96.2970 19.2678 6.4952 5 5 353 60 174 1.4562 2
96.3210 19.2705 10.8253 5 5 353 60 174 1.2805 2
96.3449 19.2733 15.1554 5 5 353 60 173 1.0824 2
96.3689 19.2760 19.4856 5 5 353 60 171 0.9039 2
96.3928 19.2787 23.8157 5 5 353 60 166 0.7570 2
96.4168 19.2814 28.1458 5 5 353 60 162 0.6083 2
96.4408 19.2841 32.4760 5 5 353 60 160 0.3723 2
96.2673 19.3097 2.1651 5 5 353 60 175 1.5267 2
96.2913 19.3124 6.4952 5 5 353 60 175 1.4537 2
96.3152 19.3152 10.8253 5 5 353 60 176 1.3119 2
96.3392 19.3179 15.1554 5 5 353 60 177 1.1335 2
96.3631 19.3206 19.4856 5 5 353 60 177 0.9523 2
96.3871 19.3233 23.8157 5 5 353 60 174 0.7617 2
96.4111 19.3261 28.1458 5 5 353 60 170 0.5683 2
96.4350 19.3288 32.4760 5 5 353 60 168 0.3304 2
96.2616 19.3543 2.1651 5 5 353 60 172 1.5450 2
96.2855 19.3571 6.4952 5 5 353 60 173 1.4919 2
96.3095 19.3598 10.8253 5 5 353 60 176 1.3657 2
96.3335 19.3625 15.1554 5 5 353 60 -179 1.2013 2
96.3574 19.3653 19.4856 5 5 353 60 -178 1.0173 2
96.3814 19.3680 23.8157 5 5 353 60 180 0.8006 2
96.4053 19.3707 28.1458 5 5 353 60 175 0.5680 2
96.4293 19.3734 32.4760 5 5 353 60 172 0.3110 2
96.2558 19.3990 2.1651 5 5 353 60 170 1.6323 2
96.2798 19.4017 6.4952 5 5 353 60 172 1.5730 2
96.3038 19.4044 10.8253 5 5 353 60 177 1.4480 2
96.3277 19.4072 15.1554 5 5 353 60 -178 1.2935 2
96.3517 19.4099 19.4856 5 5 353 60 -177 1.1145 2
96.3756 19.4126 23.8157 5 5 353 60 -179 0.8947 2
96.3996 19.4153 28.1458 5 5 353 60 176 0.6415 2
96.4236 19.4181 32.4760 5 5 353 60 173 0.3471 2
96.2501 19.4436 2.1651 5 5 353 60 170 1.7322 2
96.2741 19.4464 6.4952 5 5 353 60 172 1.6672 2
96.2980 19.4491 10.8253 5 5 353 60 176 1.5434 2
96.3220 19.4518 15.1554 5 5 353 60 180 1.3966 2
96.3459 19.4545 19.4856 5 5 353 60 -180 1.2283 2
96.3699 19.4573 23.8157 5 5 353 60 178 1.0085 2
96.3939 19.4600 28.1458 5 5 353 60 175 0.7338 2
96.4178 19.4627 32.4760 5 5 353 60 173 0.3941 2
96.2444 19.4883 2.1651 5 5 353 60 172 1.7966 2
96.2683 19.4910 6.4952 5 5 353 60 173 1.7441 2
96.2923 19.4937 10.8253 5 5 353 60 175 1.6290 2
96.3162 19.4965 15.1554 5 5 353 60 177 1.4917 2
96.3402 19.4992 19.4856 5 5 353 60 177 1.3280 2
96.3642 19.5019 23.8157 5 5 353 60 176 1.1036 2
96.3881 19.5046 28.1458 5 5 353 60 174 0.8063 2
96.4121 19.5073 32.4760 5 5 353 60 173 0.4292 2
96.2386 19.5329 2.1651 5 5 353 60 175 1.7922 2
96.2626 19.5356 6.4952 5 5 353 60 175 1.7402 2
96.2865 19.5384 10.8253 5 5 353 60 176 1.6403 2
96.3105 19.5411 15.1554 5 5 353 60 176 1.5221 2
96.3344 19.5438 19.4856 5 5 353 60 175 1.3762 2
96.3584 19.5465 23.8157 5 5 353 60 175 1.1628 2
96.3824 19.5493 28.1458 5 5 353 60 174 0.8698 2
96.4063 19.5520 32.4760 5 5 353 60 174 0.4770 2
96.2329 19.5775 2.1651 5 5 353 60 178 1.7511 2
96.2568 19.5803 6.4952 5 5 353 60 177 1.6962 2
96.2808 19.5830 10.8253 5 5 353 60 178 1.6097 2
96.3047 19.5857 15.1554 5 5 353 60 177 1.5052 2
96.3287 19.5885 19.4856 5 5 353 60 176 1.3845 2
96.3527 19.5912 23.8157 5 5 353 60 175 1.2042 2
96.3766 19.5939 28.1458 5 5 353 60 176 0.9399 2
96.4006 19.5966 32.4760 5 5 353 60 177 0.5418 2
96.2271 19.6222 2.1651 5 5 353 60 -180 1.7553 2
96.2511 19.6249 6.4952 5 5 353 60 180 1.6770 2
96.2750 19.6276 10.8253 5 5 353 60 -180 1.5810 2
96.2990 19.6304 15.1554 5 5 353 60 180 1.4743 2
96.3229 19.6331 19.4856 5 5 353 60 177 1.3819 2
96.3469 19.6358 23.8157 5 5 353 60 177 1.2415 2
96.3709 19.6385 28.1458 5 5 353 60 179 1.0047 2
96.3948 19.6413 32.4760 5 5 353 60 -179 0.5994 2
96.2214 19.6668 2.1651 5 5 353 60 -176 1.9039 2
96.2453 19.6695 6.4952 5 5 353 60 -177 1.7554 2
96.2693 19.6723 10.8253 5 5 353 60 -176 1.5881 2
96.2932 19.6750 15.1554 5 5 353 60 -178 1.4541 2
96.3172 19.6777 19.4856 5 5 353 60 179 1.3718 2
96.3411 19.6805 23.8157 5 5 353 60 178 1.2526 2
96.3651 19.6832 28.1458 5 5 353 60 180 1.0306 2
96.3891 19.6859 32.4760 5 5 353 60 -178 0.6285 2
96.2156 19.7114 2.1651 5 5 353 60 -172 2.2564 2
96.2396 19.7142 6.4952 5 5 353 60 -173 1.9817 2
96.2635 19.7169 10.8253 5 5 353 60 -174 1.6478 2
96.2875 19.7196 15.1554 5 5 353 60 -176 1.4338 2
96.3114 19.7224 19.4856 5 5 353 60 -179 1.3442 2
96.3354 19.7251 23.8157 5 5 353 60 179 1.2289 2
96.3593 19.7278 28.1458 5 5 353 60 180 1.0162 2
96.3833 19.7305 32.4760 5 5 353 60 -179 0.6255 2
96.2098 19.7561 2.1651 5 5 353 60 -171 2.6481 2
96.2338 19.7588 6.4952 5 5 353 60 -173 2.2583 2
96.2577 19.7616 10.8253 5 5 353 60 -174 1.7389 2
96.2817 19.7643 15.1554 5 5 353 60 -177 1.4042 2
96.3057 19.7670 19.4856 5 5 353 60 179 1.2689 2
96.3296 19.7697 23.8157 5 5 353 60 178 1.1501 2
96.3536 19.7725 28.1458 5 5 353 60 177 0.9534 2
96.3775 19.7752 32.4760 5 5 353 60 177 0.5941 2
96.2041 19.8007 2.1651 5 5 353 60 -175 2.9238 2
96.2280 19.8035 6.4952 5 5 353 60 -176 2.4855 2
96.2520 19.8062 10.8253 5 5 353 60 -179 1.8302 2
96.2759 19.8089 15.1554 5 5 353 60 178 1.3865 2
96.2999 19.8116 19.4856 5 5 353 60 174 1.1881 2
96.3239 19.8144 23.8157 5 5 353 60 172 1.0541 2
96.3478 19.8171 28.1458 5 5 353 60 171 0.8787 2
96.3718 19.8198 32.4760 5 5 353 60 170 0.5521 2
96.1983 19.8454 2.1651 5 5 353 60 179 3.1501 2
96.2223 19.8481 6.4952 5 5 353 60 177 2.6844 2
96.2462 19.8508 10.8253 5 5 353 60 174 1.9375 2
96.2702 19.8536 15.1554 5 5 353 60 169 1.4014 2
96.2941 19.8563 19.4856 5 5 353 60 165 1.1378 2
96.3181 19.8590 23.8157 5 5 353 60 164 0.9765 2
96.3420 19.8617 28.1458 5 5 353 60 163 0.8082 2
96.3660 19.8644 32.4760 5 5 353 60 161 0.5102 2
96.1925 19.8900 2.1651 5 5 353 60 175 3.0648 2
96.2165 19.8927 6.4952 5 5 353 60 173 2.6673 2
96.2404 19.8955 10.8253 5 5 353 60 168 1.9459 2
96.2644 19.8982 15.1554 5 5 353 60 162 1.3955 2
96.2884 19.9009 19.4856 5 5 353 60 158 1.1019 2
96.3123 19.9036 23.8157 5 5 353 60 156 0.9188 2
96.3363 19.9064 28.1458 5 5 353 60 156 0.7401 2
96.3602 19.9091 32.4760 5 5 353 60 155 0.4558 2
96.1868 19.9346 2.1651 5 5 353 60 174 2.8066 2
96.2107 19.9374 6.4952 5 5 353 60 172 2.4464 2
96.2347 19.9401 10.8253 5 5 353 60 166 1.8009 2
96.2586 19.9428 15.1554 5 5 353 60 159 1.3038 2
96.2826 19.9456 19.4856 5 5 353 60 154 1.0348 2
96.3065 19.9483 23.8157 5 5 353 60 153 0.8599 2
96.3305 19.9510 28.1458 5 5 353 60 153 0.6799 2
96.3545 19.9537 32.4760 5 5 353 60 153 0.4105 2
96.1810 19.9793 2.1651 5 5 353 60 174 2.4524 2
96.2049 19.9820 6.4952 5 5 353 60 172 2.1194 2
96.2289 19.9847 10.8253 5 5 353 60 166 1.5631 2
96.2528 19.9875 15.1554 5 5 353 60 158 1.1358 2
96.2768 19.9902 19.4856 5 5 353 60 154 0.9188 2
96.3008 19.9929 23.8157 5 5 353 60 155 0.7878 2
96.3247 19.9956 28.1458 5 5 353 60 155 0.6316 2
96.3487 19.9984 32.4760 5 5 353 60 156 0.3785 2
96.1752 20.0239 2.1651 5 5 353 60 176 2.1423 2
96.1991 20.0266 6.4952 5 5 353 60 174 1.8326 2
96.2231 20.0294 10.8253 5 5 353 60 168 1.3421 2
96.2471 20.0321 15.1554 5 5 353 60 159 0.9844 2
96.2710 20.0348 19.4856 5 5 353 60 157 0.8120 2
96.2950 20.0376 23.8157 5 5 353 60 160 0.7195 2
96.3189 20.0403 28.1458 5 5 353 60 161 0.5923 2
96.3429 20.0430 32.4760 5 5 353 60 161 0.3500 2
96.1694 20.0685 2.1651 5 5 353 60 179 1.9391 2
96.1934 20.0713 6.4952 5 5 353 60 177 1.6491 2
96.2173 20.0740 10.8253 5 5 353 60 170 1.2149 2
96.2413 20.0767 15.1554 5 5 353 60 162 0.9078 2
96.2652 20.0795 19.4856 5 5 353 60 161 0.7462 2
96.2892 20.0822 23.8157 5 5 353 60 163 0.6378 2
96.3131 20.0849 28.1458 5 5 353 60 165 0.5055 2
96.3371 20.0876 32.4760 5 5 353 60 166 0.2862 2
96.1636 20.1132 2.1651 5 5 353 60 -179 1.8262 2
96.1876 20.1159 6.4952 5 5 353 60 178 1.5611 2
96.2115 20.1187 10.8253 5 5 353 60 172 1.1700 2
96.2355 20.1214 15.1554 5 5 353 60 163 0.8662 2
96.2594 20.1241 19.4856 5 5 353 60 159 0.6796 2
96.2834 20.1268 23.8157 5 5 353 60 160 0.5414 2
96.3074 20.1295 28.1458 5 5 353 60 161 0.3939 2
96.3313 20.1323 32.4760 5 5 353 60 162 0.2053 2
96.1578 20.1578 2.1651 5 5 353 60 -180 1.8629 2
96.1818 20.1606 6.4952 5 5 353 60 177 1.6229 2
96.2057 20.1633 10.8253 5 5 353 60 173 1.2412 2
96.2297 20.1660 15.1554 5 5 353 60 166 0.9089 2
96.2536 20.1687 19.4856 5 5 353 60 159 0.6766 2
96.2776 20.1715 23.8157 5 5 353 60 154 0.4995 2
96.3016 20.1742 28.1458 5 5 353 60 151 0.3351 2
96.3255 20.1769 32.4760 5 5 353 60 151 0.1672 2
96.1520 20.2025 2.1651 5 5 353 60 178 2.0161 2
96.1760 20.2052 6.4952 5 5 353 60 175 1.8029 2
96.1999 20.2079 10.8253 5 5 353 60 173 1.3924 2
96.2239 20.2107 15.1554 5 5 353 60 168 1.0017 2
96.2478 20.2134 19.4856 5 5 353 60 161 0.7041 2
96.2718 20.2161 23.8157 5 5 353 60 153 0.4985 2
96.2958 20.2188 28.1458 5 5 353 60 146 0.3308 2
96.3197 20.2215 32.4760 5 5 353 60 144 0.1558 2
96.1462 20.2471 2.1651 5 5 353 60 175 2.1460 2
96.1702 20.2498 6.4952 5 5 353 60 173 1.9304 2
96.1941 20.2526 10.8253 5 5 353 60 172 1.4990 2
96.2181 20.2553 15.1554 5 5 353 60 170 1.0660 2
96.2421 20.2580 19.4856 5 5 353 60 164 0.7229 2
96.2660 20.2607 23.8157 5 5 353 60 156 0.5038 2
96.2900 20.2635 28.1458 5 5 353 60 148 0.3464 2
96.3139 20.2662 32.4760 5 5 353 60 147 0.1724 2
96.1404 20.2917 2.1651 5 5 353 60 173 2.2542 2
96.1644 20.2945 6.4952 5 5 353 60 172 2.0138 2
96.1883 20.2972 10.8253 5 5 353 60 172 1.5811 2
96.2123 20.2999 15.1554 5 5 353 60 172 1.1392 2
96.2362 20.3026 19.4856 5 5 353 60 169 0.7857 2
96.2602 20.3054 23.8157 5 5 353 60 163 0.5453 2
96.2842 20.3081 28.1458 5 5 353 60 157 0.3759 2
96.3081 20.3108 32.4760 5 5 353 60 159 0.2000 2
96.1346 20.3364 2.1651 5 5 353 60 172 2.4131 2
96.1586 20.3391 6.4952 5 5 353 60 171 2.1610 2
96.1825 20.3418 10.8253 5 5 353 60 173 1.7176 2
96.2065 20.3446 15.1554 5 5 353 60 174 1.2800 2
96.2304 20.3473 19.4856 5 5 353 60 174 0.9319 2
96.2544 20.3500 23.8157 5 5 353 60 171 0.6672 2
96.2784 20.3527 28.1458 5 5 353 60 168 0.4654 2
96.3023 20.3554 32.4760 5 5 353 60 171 0.2579 2
96.1288 20.3810 2.1651 5 5 353 60 172 2.4767 2
96.1528 20.3837 6.4952 5 5 353 60 172 2.2495 2
96.1767 20.3865 10.8253 5 5 353 60 173 1.8350 2
96.2007 20.3892 15.1554 5 5 353 60 175 1.4203 2
96.2246 20.3919 19.4856 5 5 353 60 176 1.0863 2
96.2486 20.3946 23.8157 5 5 353 60 175 0.8173 2
96.2725 20.3974 28.1458 5 5 353 60 172 0.5864 2
96.2965 20.4001 32.4760 5 5 353 60 173 0.3275 2
96.1230 20.4256 2.1651 5 5 353 60 173 2.4542 2
96.1470 20.4284 6.4952 5 5 353 60 171 2.2470 2
96.1709 20.4311 10.8253 5 5 353 60 171 1.8789 2
96.1949 20.4338 15.1554 5 5 353 60 173 1.5073 2
96.2188 20.4366 19.4856 5 5 353 60 175 1.1995 2
96.2428 20.4393 23.8157 5 5 353 60 174 0.9379 2
96.2667 20.4420 28.1458 5 5 353 60 172 0.6873 2
96.2907 20.4447 32.4760 5 5 353 60 172 0.3857 2
96.1172 20.4703 2.1651 5 5 353 60 174 2.3310 2
96.1411 20.4730 6.4952 5 5 353 60 171 2.1489 2
96.1651 20.4757 10.8253 5 5 353 60 170 1.8507 2
96.1890 20.4785 15.1554 5 5 353 60 172 1.5483 2
96.2130 20.4812 19.4856 5 5 353 60 174 1.2824 2
96.2370 20.4839 23.8157 5 5 353 60 174 1.0330 2
96.2609 20.4866 28.1458 5 5 353 60 173 0.7695 2
96.2849 20.4893 32.4760 5 5 353 60 173 0.4366 2
96.1114 20.5149 2.1651 5 5 353 60 176 2.1830 2
96.1353 20.5176 6.4952 5 5 353 60 171 2.0404 2
96.1593 20.5204 10.8253 5 5 353 60 170 1.8190 2
96.1832 20.5231 15.1554 5 5 353 60 172 1.5829 2
96.2072 20.5258 19.4856 5 5 353 60 175 1.3633 2
96.2311 20.5285 23.8157 5 5 353 60 176 1.1313 2
96.2551 20.5313 28.1458 5 5 353 60 176 0.8656 2
96.2791 20.5340 32.4760 5 5 353 60 177 0.4979 2
96.1055 20.5595 2.1651 5 5 353 60 178 2.1043 2
96.1295 20.5623 6.4952 5 5 353 60 173 2.0053 2
96.1535 20.5650 10.8253 5 5 353 60 173 1.8193 2
96.1774 20.5677 15.1554 5 5 353 60 175 1.6238 2
96.2014 20.5705 19.4856 5 5 353 60 178 1.4424 2
96.2253 20.5732 23.8157 5 5 353 60 179 1.2348 2
96.2493 20.5759 28.1458 5 5 353 60 180 0.9733 2
96.2732 20.5786 32.4760 5 5 353 60 180 0.5678 2
96.0997 20.6042 2.1651 5 5 353 60 180 2.0419 2
96.1237 20.6069 6.4952 5 5 353 60 177 1.9640 2
96.1476 20.6096 10.8253 5 5 353 60 177 1.8223 2
96.1716 20.6124 15.1554 5 5 353 60 -180 1.6598 2
96.1955 20.6151 19.4856 5 5 353 60 -177 1.5010 2
96.2195 20.6178 23.8157 5 5 353 60 -177 1.3110 2
96.2435 20.6205 28.1458 5 5 353 60 -178 1.0433 2
96.2674 20.6233 32.4760 5 5 353 60 -179 0.6101 2
96.0939 20.6488 2.1651 5 5 353 60 -179 2.1187 2
96.1178 20.6515 6.4952 5 5 353 60 180 2.0384 2
96.1418 20.6543 10.8253 5 5 353 60 -178 1.9015 2
96.1658 20.6570 15.1554 5 5 353 60 -175 1.7384 2
96.1897 20.6597 19.4856 5 5 353 60 -173 1.5625 2
96.2137 20.6624 23.8157 5 5 353 60 -173 1.3546 2
96.2376 20.6652 28.1458 5 5 353 60 -175 1.0751 2
96.2616 20.6679 32.4760 5 5 353 60 -177 0.6281 2
96.0881 20.6934 2.1651 5 5 353 60 -177 2.3647 2
96.1120 20.6962 6.4952 5 5 353 60 -177 2.2681 2
96.1360 20.6989 10.8253 5 5 353 60 -174 2.0808 2
96.1599 20.7016 15.1554 5 5 353 60 -172 1.8672 2
96.1839 20.7044 19.4856 5 5 353 60 -169 1.6344 2
96.2078 20.7071 23.8157 5 5 353 60 -169 1.3872 2
96.2318 20.7098 28.1458 5 5 353 60 -170 1.0844 2
96.2557 20.7125 32.4760 5 5 353 60 -173 0.6263 2
96.0822 20.7381 2.1651 5 5 353 60 -174 2.6420 2
96.1062 20.7408 6.4952 5 5 353 60 -174 2.5385 2
96.1301 20.7435 10.8253 5 5 353 60 -172 2.2952 2
96.1541 20.7463 15.1554 5 5 353 60 -169 2.0043 2
96.1780 20.7490 19.4856 5 5 353 60 -167 1.6998 2
96.2020 20.7517 23.8157 5 5 353 60 -166 1.3994 2
96.2260 20.7544 28.1458 5 5 353 60 -167 1.0617 2
96.2499 20.7572 32.4760 5 5 353 60 -170 0.5998 2
96.0764 20.7827 2.1651 5 5 353 60 -174 2.8104 2
96.1003 20.7854 6.4952 5 5 353 60 -173 2.7099 2
96.1243 20.7882 10.8253 5 5 353 60 -171 2.4581 2
96.1482 20.7909 15.1554 5 5 353 60 -169 2.1185 2
96.1722 20.7936 19.4856 5 5 353 60 -167 1.7460 2
96.1962 20.7963 23.8157 5 5 353 60 -167 1.3760 2
96.2201 20.7991 28.1458 5 5 353 60 -168 0.9949 2
96.2441 20.8018 32.4760 5 5 353 60 -171 0.5442 2
96.0705 20.8273 2.1651 5 5 353 60 -177 2.9049 2
96.0945 20.8301 6.4952 5 5 353 60 -176 2.8122 2
96.1184 20.8328 10.8253 5 5 353 60 -174 2.5690 2
96.1424 20.8355 15.1554 5 5 353 60 -171 2.2113 2
96.1664 20.8383 19.4856 5 5 353 60 -169 1.7932 2
96.1903 20.8410 23.8157 5 5 353 60 -169 1.3644 2
96.2143 20.8437 28.1458 5 5 353 60 -171 0.9411 2
96.2382 20.8464 32.4760 5 5 353 60 -175 0.4953 2
96.0647 20.8720 2.1651 5 5 353 60 180 3.0377 2
96.0886 20.8747 6.4952 5 5 353 60 -179 2.9405 2
96.1126 20.8774 10.8253 5 5 353 60 -176 2.6769 2
96.1366 20.8802 15.1554 5 5 353 60 -174 2.2934 2
96.1605 20.8829 19.4856 5 5 353 60 -172 1.8382 2
96.1845 20.8856 23.8157 5 5 353 60 -173 1.3685 2
96.2084 20.8883 28.1458 5 5 353 60 -175 0.9128 2
96.2324 20.8911 32.4760 5 5 353 60 -180 0.4655 2
96.0588 20.9166 2.1651 5 5 353 60 179 3.1914 2
96.0828 20.9193 6.4952 5 5 353 60 -180 3.0729 2
96.1067 20.9221 10.8253 5 5 353 60 -177 2.7931 2
96.1307 20.9248 15.1554 5 5 353 60 -175 2.3776 2
96.1547 20.9275 19.4856 5 5 353 60 -173 1.8829 2
96.1786 20.9302 23.8157 5 5 353 60 -174 1.3728 2
96.2026 20.9330 28.1458 5 5 353 60 -177 0.8915 2
96.2265 20.9357 32.4760 5 5 353 60 178 0.4443 2
96.0530 20.9612 2.1651 5 5 353 60 179 3.3613 2
96.0769 20.9640 6.4952 5 5 353 60 -179 3.2269 2
96.1009 20.9667 10.8253 5 5 353 60 -176 2.9194 2
96.1248 20.9694 15.1554 5 5 353 60 -174 2.4575 2
96.1488 20.9722 19.4856 5 5 353 60 -172 1.9081 2
96.1728 20.9749 23.8157 5 5 353 60 -173 1.3506 2
96.1967 20.9776 28.1458 5 5 353 60 -176 0.8481 2
96.2207 20.9803 32.4760 5 5 353 60 179 0.4110 2
96.0471 21.0059 2.1651 5 5 353 60 -179 3.5504 2
96.0711 21.0086 6.4952 5 5 353 60 -178 3.4095 2
96.0950 21.0113 10.8253 5 5 353 60 -174 3.0622 2
96.1190 21.0141 15.1554 5 5 353 60 -172 2.5449 2
96.1429 21.0168 19.4856 5 5 353 60 -170 1.9373 2
96.1669 21.0195 23.8157 5 5 353 60 -171 1.3394 2
96.1909 21.0222 28.1458 5 5 353 60 -173 0.8194 2
96.2148 21.0249 32.4760 5 5 353 60 -178 0.3844 2
96.0413 21.0505 2.1651 5 5 353 60 -178 3.6890 2
96.0652 21.0532 6.4952 5 5 353 60 -176 3.5495 2
96.0892 21.0560 10.8253 5 5 353 60 -173 3.1676 2
96.1131 21.0587 15.1554 5 5 353 60 -170 2.6130 2
96.1371 21.0614 19.4856 5 5 353 60 -168 1.9731 2
96.1610 21.0641 23.8157 5 5 353 60 -169 1.3520 2
96.1850 21.0669 28.1458 5 5 353 60 -171 0.8145 2
96.2090 21.0696 32.4760 5 5 353 60 -177 0.3767 2
96.0354 21.0951 2.1651 5 5 353 60 -177 3.7145 2
96.0594 21.0979 6.4952 5 5 353 60 -176 3.5641 2
96.0833 21.1006 10.8253 5 5 353 60 -173 3.1859 2
96.1073 21.1033 15.1554 5 5 353 60 -170 2.6367 2
96.1312 21.1061 19.4856 5 5 353 60 -168 1.9975 2
96.1552 21.1088 23.8157 5 5 353 60 -169 1.3730 2
96.1791 21.1115 28.1458 5 5 353 60 -172 0.8325 2
96.2031 21.1142 32.4760 5 5 353 60 -179 0.3881 2
96.0295 21.1398 2.1651 5 5 353 60 -177 3.7160 2
96.0535 21.1425 6.4952 5 5 353 60 -176 3.5564 2
96.0774 21.1452 10.8253 5 5 353 60 -173 3.1703 2
96.1014 21.1480 15.1554 5 5 353 60 -170 2.6261 2
96.1254 21.1507 19.4856 5 5 353 60 -169 2.0029 2
96.1493 21.1534 23.8157 5 5 353 60 -170 1.3929 2
96.1733 21.1561 28.1458 5 5 353 60 -176 0.8683 2
96.1972 21.1588 32.4760 5 5 353 60 176 0.4198 2
96.0237 21.1844 2.1651 5 5 353 60 -177 3.7182 2
96.0476 21.1871 6.4952 5 5 353 60 -176 3.5455 2
96.0716 21.1899 10.8253 5 5 353 60 -173 3.1250 2
96.0955 21.1926 15.1554 5 5 353 60 -171 2.5721 2
96.1195 21.1953 19.4856 5 5 353 60 -169 1.9754 2
96.1434 21.1980 23.8157 5 5 353 60 -172 1.4079 2
96.1674 21.2008 28.1458 5 5 353 60 -178 0.9181 2
96.1913 21.2035 32.4760 5 5 353 60 174 0.4640 2
96.0178 21.2290 2.1651 5 5 353 60 -175 3.6974 2
96.0417 21.2318 6.4952 5 5 353 60 -175 3.4749 2
96.0657 21.2345 10.8253 5 5 353 60 -173 2.9952 2
96.0897 21.2372 15.1554 5 5 353 60 -171 2.4235 2
96.1136 21.2399 19.4856 5 5 353 60 -171 1.8595 2
96.1376 21.2427 23.8157 5 5 353 60 -174 1.3477 2
96.1615 21.2454 28.1458 5 5 353 60 178 0.9185 2
96.1855 21.2481 32.4760 5 5 353 60 170 0.4978 2
96.0119 21.2737 2.1651 5 5 353 60 -173 3.6842 2
96.0359 21.2764 6.4952 5 5 353 60 -174 3.3882 2
96.0598 21.2791 10.8253 5 5 353 60 -173 2.8353 2
96.0838 21.2819 15.1554 5 5 353 60 -173 2.2392 2
96.1077 21.2846 19.4856 5 5 353 60 -174 1.6957 2
96.1317 21.2873 23.8157 5 5 353 60 -179 1.2316 2
96.1556 21.2900 28.1458 5 5 353 60 171 0.8678 2
96.1796 21.2927 32.4760 5 5 353 60 161 0.5043 2
96.0086 21.3173 2.1651 5 5 359 60 -170 3.7446 2
96.0328 21.3177 6.4952 5 5 359 60 -172 3.4013 2
96.0569 21.3180 10.8253 5 5 359 60 -173 2.7745 2
96.0810 21.3184 15.1554 5 5 359 60 -174 2.1244 2
96.1052 21.3188 19.4856 5 5 359 60 -176 1.5574 2
96.1293 21.3192 23.8157 5 5 359 60 176 1.1102 2
96.1534 21.3196 28.1458 5 5 359 60 163 0.7955 2
96.1775 21.3199 32.4760 5 5 359 60 153 0.4779 2
96.0078 21.3622 2.1651 5 5 359 60 -168 3.8840 2
96.0319 21.3626 6.4952 5 5 359 60 -169 3.5367 2
96.0561 21.3630 10.8253 5 5 359 60 -171 2.8386 2
96.0802 21.3634 15.1554 5 5 359 60 -173 2.1052 2
96.1043 21.3638 19.4856 5 5 359 60 -177 1.4784 2
96.1284 21.3641 23.8157 5 5 359 60 173 1.0263 2
96.1526 21.3645 28.1458 5 5 359 60 158 0.7434 2
96.1767 21.3649 32.4760 5 5 359 60 147 0.4494 2
96.0070 21.4072 2.1651 5 5 359 60 -166 3.9965 2
96.0311 21.4076 6.4952 5 5 359 60 -167 3.6310 2
96.0552 21.4080 10.8253 5 5 359 60 -169 2.8907 2
96.0793 21.4084 15.1554 5 5 359 60 -171 2.1042 2
96.1035 21.4087 19.4856 5 5 359 60 -176 1.4431 2
96.1276 21.4091 23.8157 5 5 359 60 171 0.9905 2
96.1517 21.4095 28.1458 5 5 359 60 155 0.7313 2
96.1758 21.4098 32.4760 5 5 359 60 146 0.4481 2
96.0061 21.4522 2.1651 5 5 359 60 -166 4.0269 2
96.0302 21.4525 6.4952 5 5 359 60 -167 3.6457 2
96.0544 21.4529 10.8253 5 5 359 60 -168 2.8998 2
96.0785 21.4533 15.1554 5 5 359 60 -169 2.1108 2
96.1026 21.4537 19.4856 5 5 359 60 -174 1.4438 2
96.1267 21.4541 23.8157 5 5 359 60 173 0.9888 2
96.1509 21.4544 28.1458 5 5 359 60 156 0.7354 2
96.1750 21.4548 32.4760 5 5 359 60 146 0.4560 2
96.0053 21.4971 2.1651 5 5 359 60 -168 4.0022 2
96.0294 21.4975 6.4952 5 5 359 60 -168 3.6190 2
96.0535 21.4979 10.8253 5 5 359 60 -169 2.8904 2
96.0776 21.4983 15.1554 5 5 359 60 -169 2.1240 2
96.1018 21.4986 19.4856 5 5 359 60 -173 1.4606 2
96.1259 21.4990 23.8157 5 5 359 60 175 0.9989 2
96.1500 21.4994 28.1458 5 5 359 60 158 0.7391 2
96.1742 21.4998 32.4760 5 5 359 60 146 0.4614 2
96.0044 21.5421 2.1651 5 5 359 60 -170 3.9812 2
96.0286 21.5425 6.4952 5 5 359 60 -171 3.6091 2
96.0527 21.5428 10.8253 5 5 359 60 -171 2.8984 2
96.0768 21.5432 15.1554 5 5 359 60 -171 2.1408 2
96.1009 21.5436 19.4856 5 5 359 60 -173 1.4855 2
96.1251 21.5440 23.8157 5 5 359 60 176 1.0187 2
96.1492 21.5444 28.1458 5 5 359 60 157 0.7511 2
96.1733 21.5447 32.4760 5 5 359 60 145 0.4711 2
96.0036 21.5870 2.1651 5 5 359 60 -173 4.0532 2
96.0277 21.5874 6.4952 5 5 359 60 -174 3.6952 2
96.0518 21.5878 10.8253 5 5 359 60 -175 2.9656 2
96.0760 21.5882 15.1554 5 5 359 60 -173 2.1748 2
96.1001 21.5886 19.4856 5 5 359 60 -175 1.5150 2
96.1242 21.5889 23.8157 5 5 359 60 173 1.0496 2
96.1483 21.5893 28.1458 5 5 359 60 155 0.7677 2
96.1725 21.5897 32.4760 5 5 359 60 143 0.4752 2
96.0027 21.6320 2.1651 5 5 359 60 -174 4.2018 2
96.0269 21.6324 6.4952 5 5 359 60 -175 3.8606 2
96.0510 21.6328 10.8253 5 5 359 60 -176 3.0661 2
96.0751 21.6331 15.1554 5 5 359 60 -175 2.2192 2
96.0992 21.6335 19.4856 5 5 359 60 -178 1.5287 2
96.1234 21.6339 23.8157 5 5 359 60 170 1.0473 2
96.1475 21.6343 28.1458 5 5 359 60 152 0.7472 2
96.1716 21.6346 32.4760 5 5 359 60 141 0.4515 2
96.0019 21.6769 2.1651 5 5 359 60 -173 4.1416 2
96.0260 21.6773 6.4952 5 5 359 60 -174 3.7874 2
96.0501 21.6777 10.8253 5 5 359 60 -175 2.9930 2
96.0743 21.6781 15.1554 5 5 359 60 -176 2.1541 2
96.0984 21.6785 19.4856 5 5 359 60 179 1.4684 2
96.1225 21.6789 23.8157 5 5 359 60 168 0.9863 2
96.1466 21.6792 28.1458 5 5 359 60 151 0.6796 2
96.1708 21.6796 32.4760 5 5 359 60 139 0.3980 2
96.0010 21.7219 2.1651 5 5 359 60 -173 3.9315 2
96.0252 21.7223 6.4952 5 5 359 60 -174 3.5367 2
96.0493 21.7227 10.8253 5 5 359 60 -177 2.7694 2
96.0734 21.7231 15.1554 5 5 359 60 -179 1.9792 2
96.0975 21.7234 19.4856 5 5 359 60 177 1.3405 2
96.1217 21.7238 23.8157 5 5 359 60 167 0.8964 2
96.1458 21.7242 28.1458 5 5 359 60 152 0.6092 2
96.1699 21.7246 32.4760 5 5 359 60 141 0.3498 2
96.0002 21.7669 2.1651 5 5 359 60 -174 3.7859 2
96.0243 21.7673 6.4952 5 5 359 60 -176 3.3666 2
96.0484 21.7676 10.8253 5 5 359 60 180 2.6153 2
96.0726 21.7680 15.1554 5 5 359 60 177 1.8439 2
96.0967 21.7684 19.4856 5 5 359 60 174 1.2310 2
96.1208 21.7688 23.8157 5 5 359 60 168 0.8230 2
96.1450 21.7691 28.1458 5 5 359 60 156 0.5661 2
96.1691 21.7695 32.4760 5 5 359 60 146 0.3353 2
95.9993 21.8118 2.1651 5 5 359 60 -175 3.8039 2
96.0235 21.8122 6.4952 5 5 359 60 -178 3.3650 2
96.0476 21.8126 10.8253 5 5 359 60 176 2.5827 2
96.0717 21.8130 15.1554 5 5 359 60 173 1.7862 2
96.0959 21.8134 19.4856 5 5 359 60 172 1.1726 2
96.1200 21.8137 23.8157 5 5 359 60 170 0.7949 2
96.1441 21.8141 28.1458 5 5 359 60 159 0.5780 2
96.1682 21.8145 32.4760 5 5 359 60 149 0.3588 2
95.9985 21.8568 2.1651 5 5 359 60 -175 3.8936 2
96.0226 21.8572 6.4952 5 5 359 60 -178 3.4428 2
96.0467 21.8576 10.8253 5 5 359 60 175 2.6110 2
96.0709 21.8579 15.1554 5 5 359 60 172 1.7762 2
96.0950 21.8583 19.4856 5 5 359 60 172 1.1563 2
96.1191 21.8587 23.8157 5 5 359 60 170 0.7937 2
96.1433 21.8591 28.1458 5 5 359 60 159 0.5891 2
96.1674 21.8594 32.4760 5 5 359 60 149 0.3670 2
95.9976 21.9017 2.1651 5 5 359 60 -174 3.9406 2
96.0218 21.9021 6.4952 5 5 359 60 -177 3.4940 2
96.0459 21.9025 10.8253 5 5 359 60 177 2.6419 2
96.0700 21.9029 15.1554 5 5 359 60 174 1.7904 2
96.0942 21.9033 19.4856 5 5 359 60 174 1.1487 2
96.1183 21.9037 23.8157 5 5 359 60 172 0.7610 2
96.1424 21.9040 28.1458 5 5 359 60 160 0.5382 2
96.1665 21.9044 32.4760 5 5 359 60 146 0.3297 2
95.9968 21.9467 2.1651 5 5 359 60 -173 3.8915 2
96.0209 21.9471 6.4952 5 5 359 60 -176 3.4514 2
96.0450 21.9475 10.8253 5 5 359 60 180 2.6277 2
96.0692 21.9479 15.1554 5 5 359 60 178 1.7796 2
96.0933 21.9482 19.4856 5 5 359 60 179 1.1010 2
96.1174 21.9486 23.8157 5 5 359 60 178 0.6747 2
96.1416 21.9490 28.1458 5 5 359 60 166 0.4329 2
96.1657 21.9494 32.4760 5 5 359 60 149 0.2551 2
95.9959 21.9917 2.1651 5 5 359 60 -172 3.7293 2
96.0201 21.9921 6.4952 5 5 359 60 -175 3.3274 2
96.0442 21.9924 10.8253 5 5 359 60 -177 2.5430 2
96.0683 21.9928 15.1554 5 5 359 60 -176 1.6897 2
96.0925 21.9932 19.4856 5 5 359 60 -172 0.9754 2
96.1166 21.9936 23.8157 5 5 359 60 -169 0.5414 2
96.1407 21.9939 28.1458 5 5 359 60 177 0.3093 2
96.1648 21.9943 32.4760 5 5 359 60 153 0.1799 2
95.9951 22.0366 2.1651 5 5 359 60 -172 3.6073 2
96.0192 22.0370 6.4952 5 5 359 60 -173 3.2032 2
96.0433 22.0374 10.8253 5 5 359 60 -174 2.4054 2
96.0675 22.0378 15.1554 5 5 359 60 -171 1.5408 2
96.0916 22.0382 19.4856 5 5 359 60 -164 0.8347 2
96.1157 22.0385 23.8157 5 5 359 60 -160 0.4084 2
96.1399 22.0389 28.1458 5 5 359 60 179 0.2086 2
96.1640 22.0393 32.4760 5 5 359 60 149 0.1397 2
95.9942 22.0816 2.1651 5 5 359 60 -172 3.5780 2
96.0184 22.0820 6.4952 5 5 359 60 -173 3.1175 2
96.0425 22.0824 10.8253 5 5 359 60 -173 2.2750 2
96.0666 22.0827 15.1554 5 5 359 60 -170 1.3902 2
96.0908 22.0831 19.4856 5 5 359 60 -165 0.6861 2
96.1149 22.0835 23.8157 5 5 359 60 -165 0.2747 2
96.1390 22.0839 28.1458 5 5 359 60 158 0.1483 2
96.1631 22.0842 32.4760 5 5 359 60 143 0.1230 2
95.9934 22.1265 2.1651 5 5 359 60 -171 3.5881 2
96.0175 22.1269 6.4952 5 5 359 60 -173 3.0629 2
96.0416 22.1273 10.8253 5 5 359 60 -175 2.1611 2
96.0658 22.1277 15.1554 5 5 359 60 -175 1.2726 2
96.0899 22.1281 19.4856 5 5 359 60 -177 0.6020 2
96.1140 22.1285 23.8157 5 5 359 60 168 0.2445 2
96.1382 22.1288 28.1458 5 5 359 60 139 0.1706 2
96.1623 22.1292 32.4760 5 5 359 60 138 0.1136 2
95.9925 22.1715 2.1651 5 5 359 60 -170 3.6248 2
96.0167 22.1719 6.4952 5 5 359 60 -173 3.0794 2
96.0408 22.1723 10.8253 5 5 359 60 -177 2.1517 2
96.0649 22.1727 15.1554 5 5 359 60 179 1.2731 2
96.0890 22.1730 19.4856 5 5 359 60 172 0.6357 2
96.1132 22.1734 23.8157 5 5 359 60 153 0.3218 2
96.1373 22.1738 28.1458 5 5 359 60 138 0.2212 2
96.1614 22.1742 32.4760 5 5 359 60 135 0.1209 2
95.9917 22.2165 2.1651 5 5 359 60 -170 3.6387 2
96.0158 22.2168 6.4952 5 5 359 60 -173 3.1289 2
96.0399 22.2172 10.8253 5 5 359 60 -179 2.2213 2
96.0641 22.2176 15.1554 5 5 359 60 177 1.3418 2
96.0882 22.2180 19.4856 5 5 359 60 170 0.7078 2
96.1123 22.2184 23.8157 5 5 359 60 155 0.3726 2
96.1364 22.2187 28.1458 5 5 359 60 141 0.2544 2
96.1606 22.2191 32.4760 5 5 359 60 139 0.1502 2
95.9908 22.2614 2.1651 5 5 359 60 -171 3.6035 2
96.0150 22.2618 6.4952 5 5 359 60 -174 3.1294 2
96.0391 22.2622 10.8253 5 5 359 60 -178 2.2631 2
96.0632 22.2626 15.1554 5 5 359 60 178 1.3918 2
96.0873 22.2630 19.4856 5 5 359 60 170 0.7540 2
96.1115 22.2633 23.8157 5 5 359 60 156 0.3988 2
96.1356 22.2637 28.1458 5 5 359 60 139 0.2760 2
96.1597 22.2641 32.4760 5 5 359 60 137 0.1777 2
95.9900 22.3064 2.1651 5 5 359 60 -172 3.5834 2
96.0141 22.3068 6.4952 5 5 359 60 -175 3.1388 2
96.0382 22.3072 10.8253 5 5 359 60 -177 2.2947 2
96.0624 22.3075 15.1554 5 5 359 60 -179 1.4054 2
96.0865 22.3079 19.4856 5 5 359 60 175 0.7353 2
96.1106 22.3083 23.8157 5 5 359 60 160 0.3759 2
96.1347 22.3087 28.1458 5 5 359 60 141 0.2623 2
96.1589 22.3090 32.4760 5 5 359 60 138 0.1771 2
95.9891 22.3513 2.1651 5 5 359 60 -175 3.6361 2
96.0133 22.3517 6.4952 5 5 359 60 -175 3.1979 2
96.0374 22.3521 10.8253 5 5 359 60 -175 2.3267 2
96.0615 22.3525 15.1554 5 5 359 60 -172 1.4052 2
96.0856 22.3529 19.4856 5 5 359 60 -173 0.7090 2
96.1098 22.3532 23.8157 5 5 359 60 175 0.3160 2
96.1339 22.3536 28.1458 5 5 359 60 150 0.1987 2
96.1580 22.3540 32.4760 5 5 359 60 144 0.1424 2
95.9883 22.3963 2.1651 5 5 359 60 -175 3.6890 2
96.0124 22.3967 6.4952 5 5 359 60 -175 3.2220 2
96.0365 22.3971 10.8253 5 5 359 60 -171 2.3118 2
96.0607 22.3975 15.1554 5 5 359 60 -163 1.3998 2
96.0848 22.3978 19.4856 5 5 359 60 -158 0.7138 2
96.1089 22.3982 23.8157 5 5 359 60 -161 0.2898 2
96.1330 22.3986 28.1458 5 5 359 60 165 0.1265 2
96.1572 22.3989 32.4760 5 5 359 60 140 0.1060 2
95.9874 22.4413 2.1651 5 5 359 60 -174 3.5500 2
96.0115 22.4416 6.4952 5 5 359 60 -173 3.0491 2
96.0357 22.4420 10.8253 5 5 359 60 -166 2.1525 2
96.0598 22.4424 15.1554 5 5 359 60 -155 1.3274 2
96.0839 22.4428 19.4856 5 5 359 60 -145 0.7016 2
96.1080 22.4432 23.8157 5 5 359 60 -142 0.2783 2
96.1322 22.4435 28.1458 5 5 359 60 172 0.0715 2
96.1563 22.4439 32.4760 5 5 359 60 137 0.0859 2
95.9866 22.4862 2.1651 5 5 359 60 -170 3.0854 2
96.0107 22.4866 6.4952 5 5 359 60 -168 2.5811 2
96.0348 22.4870 10.8253 5 5 359 60 -160 1.8078 2
96.0589 22.4874 15.1554 5 5 359 60 -148 1.1590 2
96.0831 22.4877 19.4856 5 5 359 60 -138 0.6476 2
96.1072 22.4881 23.8157 5 5 359 60 -135 0.2707 2
96.1313 22.4885 28.1458 5 5 359 60 -172 0.0523 2
96.1554 22.4889 32.4760 5 5 359 60 158 0.0657 2
95.9857 22.5312 2.1651 5 5 359 60 -166 2.3410 2
96.0098 22.5316 6.4952 5 5 359 60 -165 1.9013 2
96.0340 22.5319 10.8253 5 5 359 60 -156 1.3516 2
96.0581 22.5323 15.1554 5 5 359 60 -147 0.9230 2
96.0822 22.5327 19.4856 5 5 359 60 -141 0.5318 2
96.1063 22.5331 23.8157 5 5 359 60 -139 0.2273 2
96.1305 22.5335 28.1458 5 5 359 60 176 0.0798 2
96.1546 22.5338 32.4760 5 5 359 60 173 0.1001 2
95.9848 22.5761 2.1651 5 5 359 60 -164 1.6294 2
96.0090 22.5765 6.4952 5 5 359 60 -163 1.2702 2
96.0331 22.5769 10.8253 5 5 359 60 -156 0.9235 2
96.0572 22.5773 15.1554 5 5 359 60 -147 0.6499 2
96.0814 22.5777 19.4856 5 5 359 60 -147 0.3705 2
96.1055 22.5780 23.8157 5 5 359 60 -165 0.1864 2
96.1296 22.5784 28.1458 5 5 359 60 158 0.1841 2
96.1537 22.5788 32.4760 5 5 359 60 169 0.1864 2
95.9840 22.6211 2.1651 5 5 359 60 -163 1.0843 2
96.0081 22.6215 6.4952 5 5 359 60 -163 0.8079 2
96.0322 22.6219 10.8253 5 5 359 60 -153 0.5973 2
96.0564 22.6222 15.1554 5 5 359 60 -146 0.4342 2
96.0805 22.6226 19.4856 5 5 359 60 -163 0.2634 2
96.1046 22.6230 23.8157 5 5 359 60 159 0.2784 2
96.1287 22.6234 28.1458 5 5 359 60 151 0.3741 2
96.1529 22.6237 32.4760 5 5 359 60 162 0.3079 2
95.9831 22.6661 2.1651 5 5 359 60 -163 0.6838 2
96.0073 22.6664 6.4952 5 5 359 60 -165 0.5187 2
96.0314 22.6668 10.8253 5 5 359 60 -160 0.4073 2
96.0555 22.6672 15.1554 5 5 359 60 -167 0.3086 2
96.0796 22.6676 19.4856 5 5 359 60 160 0.3044 2
96.1038 22.6680 23.8157 5 5 359 60 146 0.4362 2
96.1279 22.6683 28.1458 5 5 359 60 149 0.5213 2
96.1520 22.6687 32.4760 5 5 359 60 159 0.3801 2
95.9823 22.7110 2.1651 5 5 359 60 -169 0.2976 2
96.0064 22.7114 6.4952 5 5 359 60 179 0.3122 2
96.0305 22.7118 10.8253 5 5 359 60 177 0.2954 2
96.0546 22.7122 15.1554 5 5 359 60 163 0.2641 2
96.0788 22.7125 19.4856 5 5 359 60 145 0.3138 2
96.1029 22.7129 23.8157 5 5 359 60 143 0.3885 2
96.1270 22.7133 28.1458 5 5 359 60 148 0.4196 2
96.1512 22.7137 32.4760 5 5 359 60 156 0.2959 2
